ANNO 1515 511

Ε11155115.

Actum 155 28 8511515115 1516, 1551515555115 15515515515 1511555 Ρ15151
Δ51555,11555111Ι)51115 Vlaminc 55 115151511511 1151511155, 55515555.

115155 1115515155511 15 1515115111 1151155511 555115 5111115 55155 5515
11555155, die denselven Ρ15151 1515115 1155515555 155515 5515 1551551555,
1515155151 115515, 15111 by 555151555 115515 55155 11515515 51515131 5115
Η5515551111155555115115, 511 1551111511, hillen, 155511 ende 515511, 15151515155155
55 15111555 5515 15511555 15 555551515155155115155ς 155115 55 15115115 11555
1515155511 55155515 551515 1151155115 15 15515 515115515.

Daniel 15 Ζ51515515, 5511 30 151551515155151 by 515 1515115115551115115
15155, 1515155151 by 5515, 1511111 5551115155 51111115 55155 111515515 51, 515 111
de daermen, bloet 511 111 wanden ons liess Heeren, 55155115 1115115515 15 515
1115155115 515 51115115515 515 1111515 15115 ..... en wilde, ende 551515 1515511155·
5115 551155 155515, 1155151 5551115155515 1511155515 5555 51515 1551551155,

Jacob 155 155 110555155υά1 13111511, 1551151155511 15115 15155, 1515155151
111 55151511555115 by costumen 115515 51111115 5515511515515 55, 515 By Gods
515511,111155,11[,5515555 515 1111 5115115515, 1551115 5115 15 15115155115
veel 5151115515, 151 15111551 55 51115 515155511551155115115555. .

1511 Grues, 1111151515, 5511 1111151, 1155151515 115115551115115 151511, 15511

. (15111155 551155 1151511115 1115155515 5155155 1515 5115515 55155 15511 1551511
1115155, 515 By (1515 115515515511 Gods 1111151111 den daeremen 55 5115
15511;1511 51111515 151 1111515515 551515 By 05111 macha 5515115515 515 1111,
515111 1155115 11555 5515111, 5151151115 5115 15115155115 15 15515. ,

15151 15 015511515, 5511 50 1111551551 115115551151515155, 1555155151 111
5515, (151 de 15515551515 Ρ1515115115115 115515 51111515 55155 11515515 55, als
8115555115115 11551511, 111515 11115115155155515111115115115 11515515 es, ende
555 15155115 15 515 1115155115 1115 515 1551151 55 1111 5515115515, 515115515 5115 f

· 15155155515151151155115 15 15515; 1515155151 55515111 hem 555151 155555 55
heeft sien 155155, 5515 151 hem 1151515 115511 11551511 15111 15511,115155151
151 11 15115115 155111155515 es 5515 515155 115151.

8151551511511550551; 51151151111111Ι J. B. Cannaort, Bijdrayen
151 (1515115155511151 oude 5115115511 111 1155115151, 3⁶ uit·
1515, 11115156.

428.

1515, October 8, Gent. Vonnis door 15 5515151155 511155115155
15155 Ρ15151 Α51555, 'die 1151555 151515151151555 15 1551( 115111
1551511, zijne 1551155115511 55 hij 15115 15115155 1515555 bede·
15511 555181155515 15 Gallici& 5111551 hij een 15115 1551151
1555155 1511111155, op 15155151151.

0511551511511155111555155 155 15515 55 115115 comen es, 151111 Ρ15151151555
5 151155115115 5551155515 quade 15111115 5515551155551151551551511551555
5515 155151515511515 51515 51515515 55515555151115511151515155 (1515 51515511151,

 

