MASSINUS ·· 11οΝ TWIMERS 621

Μ1111111, 01111111111 1111111, 1111111111 11111111 111111111111111111111
111 1111111 111 Inquisitio (1111 1111. 1412), 129431.

Μ111111131111111(Μ11111),11 01111111 1111111 1111111111 11111 11 1111111
(1111, strong 11111111 (1215), 139, 140.

1111111111(11Μ1111111111111 of Μ11111111 11111111),11111111101111
in 11111111, 111 111111 111111111111111111 (1. 1380), 248 ; - op 1111111111 111

ἔ11111318 ἑζιᾜξ 2131 11 11111111 1111 11111 111111111 on 11 [11111111111111111
ο, , ‚ ¹ .

11111111111Η11111, notaris 11 1111111111 111111 11111111 11 11111111
111 1111111, 11111111 11 11 1111111111111111111111111111 (14511461), 341,

ῗ16,11)111, 318, 319, 382 ; - 1111 ’1 Ρ111111111 111 111111111111111311111111111
149 ,460483

1111111111111111, 1111111 111 ’1 1111111 1111111111 (1), 111111 1111 111 inqui-

11111143ἔ1111111, 11111111111111 0111111111 1111111 111181 (1111 Nov. 1412),
132, .

111111111Ρ11111,1111111111 1111111111, 111111 111111111111111111111-
ging 111 1111111111 (1460), 353, 314, 330, 381, 388 3 - 11111111 111 11111 1111
Ρ11111(1411),335, 3963- 1111111111 11111 1111111 11611 Ρ111111111 1111111
(1461) 396, 391; -1111111Ρ111111111 111 1111111113111111 11111111111 (1491),
410483.

111111111011111, 111111111111111111111111111110430), 313.

ι111ἷ111111 111 11111111, 1111 111 111, 11111111111111111113110420-
421 , 299.

1111111111 (1111111111)11111113111111.1111111 plaats komen ongeveer
200 (1111111111 1111 01111111 11111111 (1349), 193.

1111111111 (1111111111 1111111, in den 1111111111 111 11111111111111111
11111 11 Τ11111, 11 1111111111 111 111 1111111 Β11111111, 1111111 111 11 secte
111 1111111111 11 1111111, 11 1111111111, 1111111 worden (1460), 382, 313 ; -
11111111 J 11 11111111111111111111111111 11111111 111111311111111 111111111
1111111311 11 11111 111 111 1111111111 1111111111 (1111 1111. 1412), 421421ς-

&clv ἶ611111731111111 11111111111111 1111111111111111 111 (11111111111111
915 ,51 .

Mnus, zie 1111111111.
11111111 Β11111 1111111 1111111111 111111 11 111111 1111111111 (1513), 50⁴.

Μ111111 11111111 (Francken, 111 1111111, 1111111111 11 1111111111 11 111
1111111 11111111111111 113111111 Ν1111111111 (1493), 481, 418.

11111111111111,1111111111 1111111111 11111611 11 Maria 111
11 111111 1111111, 11 tong 111111111 11 1111 111 11111 111111111111111111111
(1491), 459.

1111111111. Willem 111, graaf 111Η111111 112111111, 111111111111111111
11111111 diet-stad 111111111111111111111 (1. 1325), 115.

11111111. 1111111111111.
11111111111110111111111), 11111111111111111111 (1145), 11, 32.

 

