11111 INQUISITEURS

1. 13931404. 11111111 8111111111, 1111111111, 111111111111111111-
111111 118111111111111111111, 251, 252, 259, 260, 264,

1403. Νἱὲιῗίῑῷ 111 11111111,1111111111,1111111 van 1111 alge·

1111111 1111111111 1111111111111111111111, 261-264.

1. 1410. 11111111 81111 van Η111111111 11 Laurens Gemmij,
bisschoppelijke inquisiteurs in ’1 11111111 Κ11111111, 266,

1411. 9111111111 111111111111111 811110111111, 1111111111
11111111111 111 ’11111111 Kamerijk‚ 261, 279.

1111-1420. Pieter 111111, 1111111111, 111111111111111111111111
11111111111111 1111111111 1111 ’1 11111111111111111111, 279,
280, 281, 282. 298, 299.

11131120. Jan Ρ1111,1111111111, 1111111111111111111 11111111-
1111 11 1111111111, 299.

1110. 111 111111 (Dives), predikheer‚ 1111111111111111111, 298.

1121. 11111111111111111111111 11111111, 300-303.

1127. Wiclem Brunairt‚ 1111111111, 11111111111111111111111111
het bisdom 11111111, 1111111111 Holland, Ζ111111 11
31111111, 305, 301.

1129. 11111111111 11 11111111 11111111 commissarissen 1111111
bisschop, 310.

1429. 11111111 de Campo, 1111111111, 1111111111 111 1111111111
1111111111 11111111111,11 1111111, 315, 316.

1130. Simon, 1111111111111 3111111, 311, 311.

1130. 1111111111 11 0111111, met den plaatsvervanger des
1111111111, 312.

1130. 111111111111 11 11111111111 1111111 11 1111111111, 313.

1130. Simon 11111111, 11111111111111111111111, 318.

1131. 111111111111 11111111111111 81111111, 319-322.

1131. 11111111 Κ1111111, 1111111111, 11111111111111111111111 de
bisdommen Luik en Κ11111111, 323, 321.

1130. 11111111111111Ν11111, 324.

1117. 311 1111111111, 11111111111 11 811111, 325.

1117, 1151. 1111111111111 (1111111111), 1111111111111 Valen-
cijn‚ 326; 1111Κ11111111, 330333.

1118. 11111111 111 111 11111111111111111111, 327.

11111. 011111111111111111111111Κ11111111 nameus den hisschop

 

