GILLIS LE FLAMENG - GREGORIUS IX 597

ῗξοὲῑ wate 161 161 gunstig 6166116611 6161 66 11111161116616 6111111161 op (1323),

6111161111111116, 661666611636611116616, 16661666166116611611611611611111
661 Waldenzen 16 11116611 (1460), 353, 655, 614,Ὡὸ 311, 660, 361, 366; -16111161
11661 11611661 111 11666 (1461), 395, 396 ; - 1616166616116 Emmery 16611161·
1611611 gedaagd (1162), 396, ³97 3 - door 161 1611611611 1111 661666161166111111
16166166616 (1191), 460133.

611116 1111116111, 661161 161 1161161611, 6166116611661666161611616161611
Le 01166161 (1491), 463486.

(¹ ssgfflflgsscx, bisschop van 11116611, 161611 legen 6611611616 161 611111166611

6611161111,116661611 161 1161161111. 1611116611 inquisitam* 11611611 111 161161
1611611 611 1611161661 van 11611616 (12311246), 96, 97, 96, 105, 101.

Gonnum> 1161661111, godgeloerde van 261116, 1116611116111661166161161111661

ῗέἔῐιὲξέι 16116161611616 661 6616161616111113161166 11616611610191), 126,

6611111116 161 1111161111111,16116316116116111111,16116611661 1161161 ’1616161111
1111111616116611 (1115), 26.

6611111. 1116611 11661166 1161161 Matthaeus (Meus 6111161166), (c. 1660), 246.

’6 6111166161. 1111116611, (111161 161 Η611616 611 mand, 11616611 661 alle 6161·
boden 111161 1611661661 111 661 1111111611 [111616 3616161616 11166161 helpen
(1104), 264, 265 ς - 66 161161 1161111611 van 1111611161 16116161616116116111611113
16166166616 (1502), 491ς-66161166616 161161161 1161161 161661 11116666 161661·

666166116111616 (1512), 501506 3 - 66 11661116616116661161111661611616161
Andreas Hugo inquisiteurs 616661 (1512), 501503.

(1116611661Π, 161666111111 661 116616, 116111 161 3166166161, 16161
661 1161161 Η11161116(1016), 10, 11; -116111 161111 1611611 661 1166161161
Κ611161111111661 661 16111616611161161 1161111616 (1011), 12;- 16616111 met
stnenge 6116161 66116116166161 bisschop 1611 Τ611661 1111611116 (1060), 12, 13 3 -
11161 1161611 Π, graus 161 3166166161, 161611 1611161116,116116166161111666161
1611Τ6111661,611(1066),13,14. » ’ ’

6111666116 IX. paus, 36611161 611 1611116611 661 Κ6611666 161 Marburg, inqui·
6116111166 [11116616 161661 (1221), 71, 72 3 - 6166166 116616616616 161 1166111666
1166116161 161166111111111116 1636666116116 ( 1233), ’12 3 -1616611 66 11166111·
1661611 661 6116 161111616161616 161161116661616 661 (1221), 66, (1229, 1260), ’13;
-616611161161 11666111 Π 11616116 1611616616 6661611 11 661 ban (1229), 15; -
6111616116 1161161611 661 ban en 161611661611611611611111(1231), Ἲ6-76ς -1616611
661661616161111161116611 661 christeae landen. 661 111 66161161661166116161
Α11111161616611 161161 116611661616111 163611 66 11611616 661 1616161 (1231), 111, 19 ;
- 16161 111116 61611161 16161 66 1611616 616116666611611611111111616166611661
66116116661611161 1116111231), 6ος - 1616611661Η611611111161161161111161611,
66 1111161161166611116111111661616166 661 (1292), 62, 69 ; 4161661166166111616161
161 161 [11116616 111111 161 6116661 66111 661111 1161166166 11611616 ( 1233), 69; -
1116161661 66 (11616161 161 16116111111111 1116111111, 661111 66116611166161
1661661666116116111111616611661, 61 11616611 111 616 inquisiteurs 111 16 616611
(1263), 69, 90 ; - bevestigt den predikheer 11611611 616 11111616111113161111111611

 

