1ΑΝ1141Ν THOISY — JOHANNA WISSEMANDE , 611

161( 616 166161, bischop 666 11661611,66166116611 6661361611616 161166
1166161666] 16 1111661 1661166 166616116611616161116 Campo (1429), 315, 316.

1166161161666661,61166-11666166 666 1611, 66611131 synodale 61616166 611
666116 6616613163 161 1611616 6616 166616116616 16 zljn 1161616 (1288), 146, 141.

111( 6161166116, 1161161 16 Μ6161 1661 16 16666166161661666 166 1666111661
16661 8616636166111661 66 1661 1166661 (16661611 16116631 (1419), 448, 449.

111( 1111616116, 61166116661166 van Utrecht, 66611131 synodale 61616166 611

666116 16166161163161 1611616 1661 11166 3666161111611 (1294), 148, 149; -
,1661161661116 166161 1661 161 663 op de 61616166 666 6666 Clemens V 1636616
1163361166 66 36311666 (1319), 169, 110.

161( 11666166, 6161111661, 11666166-61111163666 666 ’16166666 66 inquisitam,
61611116 8101116616 (1508), 491 .

1161116166(111161166), 6661611166161,6161111 16 116616111661166 6611166116
6161116366, 116166116166611611666 Parus 66166116611 6611166 (1498), 490492.

1111116 1666616166, 161161. 16 1111661 66111661 (1429), 310, 316.

1616661 66616616 6661 16166161666166611] 16 Kamarijk bepredikt 66 616 161·
661166 161161 66111661 (1460), 356, 351.

16611661 3116666 361631 16 1116666, 1161116 616661 16 11166111, 616 16116116 van
(16 666161611161166166 66166131 (1460), 356 3 - door (16 3616616166111616 661661·
16611 66 16 ,1116611 66111661 (1460), 368, 369, 310 ; - (1661 ‘t Ρ611661661 16 ham
661 16161611 (1491) 460483.

16616611 61116616, 616 16116116 666 1666616 1611161166166 16 (16661166166131,
16 611161136616116616 161666611 36666166 (1460), 384, 386; -11661’ Ρ611616661
in 11616 661 16161611 (1491), 460433.

16111166 1116666666, 616661 666 Ν66666-Ε616666 16 611661166611161616
16116116 van 16 66616 1611161166166 66166131 66 66111661 (1459- 1460), 346, 341,
351, 353, 355 ; - 1661 ’1 Ρ61161666116 11616 66116161611 (1491), 460483.

16611161 66111666 (666 Β61366), 16 1161666116 1661166 Kamerljkschen bissehop
166 66 166 16661611661 Simon 16 Laude 66166131, 116631 1161 op 66 666111 1616
6636661116 66116 16316666 (1430), 313.

1661161 06161 361631 1666616166(11’66166966,661.), 116116 616661 1611116611,
61611161 616 16116116 van 16 66616161 Waldenzen 66166131 66 6611166111459-
1460), 346, 341, 351, 353, 355, 412 ;-(1661’1 Ρ6116166611611616661116161611 (1491),
460483.

1661666 66 11666611 61661116 6616116161611163 van haren 6111616601 ’1 Ρ611616661
666 Ρ61116661616611116 (14911460483.

16611666 6611166116. 1161661666 Rumon.

1666161Ρ611166, 16161666 11666161666161 666 1601166666,6616613166161
166666166363666636666116666166116611(1491), 483486.

,16611111 611( 06661111116161,316616 166 1166616166, 16161 166 inquisiteur
Robert 16 161 661661366 66 6611166166 666 1611616 (12341236), 91, 98; 105, 101.

16611666 1116661666 361631 1161616616 016, 1161116 616666 16 11166111, 616
16116116 666 16 66616 161 1161166166 66166131 (1460), 356; - 166116 3616616-
16611616 66166116611 66 16 11166111 16111661 (1460), 368, 369, 310 311 ; - door

’t 16116666116 hare 661 16161611 (1491), 460483.

 

