xxxvm INQUISITEURS

1471. 11411411114411111 1141111111, pausolijke 1111111411, door
de Hoogeschool 141 141141411411, 423, 424.

11111Ν11. 1472. 111114114111411114411, 431, 432.

11141 Ν11. 1472. 111111114111111141111 1141141111, 432, 433, 434.

1472-1475. 14141141141111141114111111, 1111111411 11141 bis-
11111111, 141411411414 141 Ν11141, 443.

1478. [1411411114411114141111 1441141414, 4114114414 inquisi-
141114 811114, 11 samenwerking 114114 11111444114441
141 14111441111141 11111111, 444446.

1479. 114 111114114111111111 01111411 14 11114111, 447.

1479. 114 1414411114 111114114111144181141114111 44111411 1441
14 Ν4141141141, 448, 449.

1479. 114 1141111441 lan 1411111111 (111 04111),1111111141114
RiJsel, 449, 452.

1482. Ζ41414 9144114414 goestelijken 1414111411111111114114114
111, 453.

1483. 114 11111411411111118114111411411141114 ’4 Η411114111411,

1484. 114114111144141 Η41111111 1111111111 41 Jacob 81141141,
1114141144141411114411114 111114114114 11 11 11114114
1411414411441411,1141 nieuwe 141114111114141, 455

1485. 114 inquisiteur 1111411414411441414 414111 14 811114445.

1491. 114 114111144141 Nikolaas 61111141111811111111, 11441·
4411111111111114114114, 14 Le 1114411141 Kamerijk, in
samenwerking 1141 141 bisschop 141 14141111 41 111141
14141 6111141141, 488486.

1491. 1111411 1111111141, 411 141 S‘ Vaast 41 11111411411,14
1114111, 487.

1492. 1141141111441 41111111 de 1111 41411114 Brugge als inquisi-
1411487.

1493. 114 1141111441 11141141 11111111,111114114111111141111
Kamerijk 41 1141 14 1414414 1414141141, 487. -

1494. 114 1141111441 1111 611111, 1414411114 1111141411 11141
11111111111111111111, 488.

1495. 111 1111111411 Jacob 81141111· 414111 14 141141, 489.

1495. 1141111111441 1111 1111 01111111141414 inquisiteur 1411114411
11 14 111141, 489.

 

