PHILIPS - PIETER DANEBROUCK . 625

Ρ111114, 1441444311114414,14141144441414111111411411414114411141141441
(1460), 312, 4811ἷ1ζ4, 384; -1441 ’1 Ρ111411411141441414141344111414144114411
(1491), 460- .

Ρ11111411434414411111,141144, 41411, 441. 111 1414114114414 44144144,
141441114144444111141 11441411441 11111411 31441111 411 41 14 4141141411 111141
1411141141 11411411, 2441111 41 1111441411 444 (1421), 305, 306; - 1414411
411 11141111411141 11111414411111411134141141414111444111) 1111441 44 14
444141 (1430), 812314ς -14411414141441 4444111 1141444114 14 1411141114
34414141 144 44141 14 Rijsel verbranden 141141 (1430), 315311; - 14141114
4114111411 1144114 1414441411141 1411414414 (1) 14141414 141 11144141
4114114141 (1421·1431), 319; - 1414411 141 14441411441111411111 11141441
111 al 1114411141441411 14 1141414444 1111 41 1141141111 441 (1431), 323,
324; - 14111 1444141444 1111111441 (1433), 324; - 11114 4111411114
111411 14 1111441 1411414 1411141141, 114 1441 141 11441411441 41 141 11444144
141 11441411 14144114411 waren (1448), 321; - 11444144 111 (1411111141 011-
lons 1141111411 141 144 1143414 1414114411141141411 in 141141141441 141
1411414 (1451), 333, 334 ; - 14141411 Jacob de (1444114111 11114 441, 14141 hij 14
114411111441144 11444144 41 441 114414114414141141114141 1411411) 141114411
werd (1460), 364-366; - 14111 14411114411111441 1144111114114411444144141
31111114, 4141111441, 41141 de 44414 1411141144141141414411411414410460),
313, 314; -144114 Brussel door veel godgeleerden de 1441 1411141141141
41141144144 (1460), 376-318; - 14111 1111 14114411 111444 4414141 1114411414
’141441101411 4114141114 1441 14 41141144141(1460,, 316,318; - 14111 met
14141114 1411114 1141 1114411 11111441 (141111, 1441111141 141 144 11441 141
114111414114 1444141 (1460), 313, 380 ; - 4114141114114114141 41411111 411-
1441111414114141141411111144141 111 14114411, 460462; ·- 14111 44 111141

1441 1441 ’1 Ρ411411411 111 Parijs tot schadevergoedingen wegens 14 1441 141
- waldeman 141 111441114144114411 (1491), 460483.

Ρ1111114 1111 411 Eme, graaf 141 1144114141, 14114141 krachtdadig 14 1411414
111141 landen (11821183), 4152, 61.

Ρ11111141111 Μ1114111,11444144 141 1141441111, 14 11 1141141 van de 14114111
11414114114Ρ41414 44144414. 1310), 156, 151, 159.

Ρ141 Momm, 14411111411144 141141 411141 1114414414 (1430), 313.

Ρ111114, 11444144111 14114411, 114111 1441 4444 Lucius 111 tot strange 141141·
1411414114 1444144411 (1185), 56.

Ρ111111, 11444144141 1411141111, 14111 1441 4414 14141144 XXII gelast 1141

441411411441 4141 de Antwerpsche Begijnen 41 1411111411 14 gansch onschuldig
1111411411) (1313), 113115.

Ρ111111, 1144414414114111111, 144111 1441144414 141 4114111111144141141-
1414414 3411441141 14 1444141 (1235), 93, 99.

Ρ141141 Amne, 414441444141441411134141441144114414 (1441 4114114411, 444
((1Ιὲ 4154415 ὦςξῗὲά, 14141414144114411 41 hij 14114 1414414 1414111411 14144114411

Ρ1111141 3111441141, voortvluchtige 141141 411141 1114414414 (1430), 313.

Ρ141141111111144411,4144444 1441411141, 144 Maria 44 141 Christus 14 Κ41111)1 .

ῗὲἷὶόῗοέ1 gestem, gegeeseld, zijne tong (1441144114111) 1411341414414ὲ514-
. .

 

