1111616166-111111666 666

611616 16616 6611161666166 (1460), 312, 311, 380, 1184)-116161666111636 116161)1

16611Ρ6116616613666636 (1461), 391) · door ’1 Ρ611661661 161 661666161366
6163 16166166616 ( 1491), 460483.

116 611 11116161, 666166616661666 16 6116611, 611 1611111166 66 16616661 wan
666166 16116136 (1460), 313, 314) - 66661 6666 166 3616136616 11))1616 3661616,

ἕ, 4836)- -16161 6661 ‘t Ρ611616661 166 Ρ6116· 16 11)·666611611161611491),
48

116 1113116166, 361636 Ln 011, sergeant 661 161666666166 14116611, 11616161
611 161161166 66 16616 661 116166616616116136 (1459-1460), 346, 341 ),-16631
1161 16 11166 3616636611 66) 166 11)·11 116161 3616111616 66 16111666 (1460), 351,
353) ·- 6661 ’1 Ρ611616661 16 11)·66 661 16111616 (1491), neo-483.

116 663111, 16666111, 1166166111 66 ’1611666666 166 31)·161, 11661166 616 161·
11666161616465), 413. 1

1161166611 (16661161) 1611166131, nameus 66 61611616 66 6616361616666 166
1146621613ὲ,4ζ611166116 1161116366 16 1616 166 666 1161161111 161616161 (16611161.

116 111111,1131111)1,116 66116366 166 1666166 161166666 66 1616616166 16

ssffihtlfffiffgn was 36116611, 111131 eene 66111661 166 666 magistrat 166
. ί .

116 Μ11111111,66166661666’11111616666111116116111661116161661161666·

{len 1⁷)ervolgen (1460), 380, -6661’1Ρ6116166611611611666161366616316166166616
49 460483.

116Ρ661166,166ι1661116614116611,11661113666166116666611116166, 161-
16131 616616116116161661666111161666166 (1459·1461),341) -hem 16161666661
666166111166111366 Willem le Febvre 666 161666 1616616116 (1460), 315) -
116161 6661Η63ο Emery 1661 ’1 Ρ611616661 3666636 (1463), 391 ) - 6661 ’1 Ρ6116·
16661161 1616661613666163 1616666616 (1491), 460163·

116Ρ6661, 6166111661, 1113616666 1666111166116316611111114131420), 299. ·
116 1111611 (61 01116), 6166111661, 1666161661,116111 16 166166 (1419), 298.

ί m} 81661616, 6166111661, 6666116611 66 161616661611611 166 Le 0661661
1491 483, 485.

11686616661116616661661, 86661666), 6166111661, 1616166616661616·
mens VI 611 1666161661Ι 16 de 06111616 166666 6663611616 (1343), 5111)-6661
Innocentius VI 11616611 1616 blj 66 61616166 66 163661666661116116116166666 666
161 6111661163 661 1163361666 66 116631 66111) hem 16666 11611611 166666 166666,
16166166 Inquisitie in die 36166166 16 161 16111166 613666 1611611 3611616 worda
(1353), 304, 205.

116 11666111, 1616666 66 1))16161361166 6116611, 611 1161161166 66 meto der
Waldennen 16116136 (1466), 361, 318) - 1661661111 66 1616666366161163,.6666
1166161136 3616636616166 66 111616 3616166166 16166166616 (1460), 319, 380, 381,
383, 389, 390) - 6661 66666 66611661661166 ’1 Ρ611661661 611 6661161161 161-
1611 66 16 Ρ611)’1 vrijgesproken (1461), 393, 394) -6661161 Ρ611616661166 Ρ611)“1
16 1))’66 661 16111616 (1491), 460483.

116 1161616111. 116116 1111616616.
116 ’111666 6111111161. 216116 111111.

 

