BRABANT - BRUNO 585

116666, 16116616 van 16 66616 166 waldeman, gevangen, gepijnigd 66 66616661
(lm-1517), 512.

1166611616 (1661661661) 166611 1666 Τ666116161 1661661 (16316 166 12ι 6666), 27,
28; - 661666311666161166661666661111666666616 door pons Gregorius lx 666
1661116163 6661666166 (1232), 82, 83; - 16166163 1616611 666 11166 3666161116 66
6616111116 6616616166 1161661116116616 16 helpen (1232), 86, 87ς-161166163
1666611 111666 6616616166 66 661166661616161) 16 66116616 116116616616111166-
mn (1666161666) 1666166 1636661366 (1280), 1443 -6661661666161611666(161166
166) 166161166 66 61616666666(1309),154;-16 66616 166 (1666616666 16 66 666
’1666166 (13431350), 190201; zij 6666613166661616166, 194, 195; - 3633611166
66 Begijnen 611666 (1372), 225; - 666 166 1166163 666 Β661661 1616611161666
116661 IVden 16661611666166 16 Β61661 166 (1116661163 der Beggardon 66 Β6311666
666 (1373), 225, 228; - 6666 Gregorius 111 1666611 666 16161661166611666166666
16 Β661661666 661616661 6666 661666 1166166116 666166 16 16 6161166 (1374), 228,
231; - 16661116 66116 1666166611 1161611116 6661661166 16366 66616166 66 inquisi-
16(166(1377),237, 238, - 66116 (1663661υέ IX 1661 over 16 3633111166 66 36311666
166616166166616166166 Β661661666 6616616611 166161166 (1394), 254, 256ς -
6666 EugeniusIX 666161 16 0611616661666 66 1616111136 1161666 16366 (16 bis·
66166666 66166616116666 66166 61166 166616616163 (1431), 319, 322.

8666 onnon (1666, 66616 666661611616616 66616 16 16 96116616 166166 (1369),
208, 209.

1166666. De 161166 Τ666116161 16661166 1666 366616111111611 66 volk 111116 6161
3616631 (1113), 28, 29; - 16Β6311666 worden 66 vrij van allo 1611661) 16666166
66 666 6616616611 nameus pons Johannos XXII 66 Willom, 11666166 van Doornik,
ingesteld(1328), 178, 181 ;-1111 (116 stad 161666 299 (1666616666 naar Doornik asge-
6611 (1349), 131; - 663 15916166, 1113ς -16166 663 399 (1666616616161666 166166
(1349), 133ς - 16161166 Mattheus van 116661116 166611 66 36666366 (1420-1421),
299; -16661 16 661616161, 8666666116 16661666 611666 66611166616,666(11 ver·
166111661611661),1666616 [1666611 1666166 11666166 66 (166 1661116116116 661136-
6666166 (1480), 301, 364; -161663161666116611(666616611161666 1616316611 noar
666166636661666666 gorangon 161166, dio 666166 11666166 666 1666611 111136·
161661 was (1412), 397;-.166, 3666161116 166166 van Β6661666,66611 66 16
’166661666 1116161111, ontwijden 16116166616636 36666366611163 66666616611
(1478), 444, 446; -— Marone 6111611161 361666166611, 666 16 1661( 3661611, 161663
361661 66 611 1166616666 36166666 6163666 361616616663 (1484), 454; - 666
01116166166616666666616 1661 3661611 66 zijne 1663 166616661 (14841, 457; -do
166616116661661661661666666616 616611 66 (1485), 445; - twee mannen wegons
3616166166163 666 16 1661 3661611 (1489), 457, 458 ; - eene vrouw wegens 6636
16613616111661 66616 16613661611(1489),458;- 666 (66166666616661111663666
3616166166163666161661 3661611 (1489), 458; - 666 man wegons 16616616316366
(161 66 Μ6616 666 16 1661 3661611 66 36166666 11491), 459; - 16 6661111666
1616166616 Mil storft 66 616 1666161166611492), 487 ; - 16 6161111666 1111161666
Venno 6166116661 16661611666 (1595), 405; - 16 616111166666 8616611666 16
1111116166 116111661 66 (1616166 (1611116 611666166616116616(1505·1526), 496; - 1611
361661113 666 (1661 1163666 1116166163 van 11661636366661166 61166 16631666
boord (1511-1512), 50ος ·- 11161666 36661 6163666 1116166163 666 (16166 61166 116111·
366 611661663166616661 (15111512), 501.

Bnono, 11666166 vanAngers, 161166 (1050), 8,10.

 

