596 0111111111-011110 0111011011

(1460), 646-316ς - 11011000 du (110100 0101 611 0016001(1460),1161, ³52 ; - 6001
0111οΡ111011 mot 6110 016010 (106101001601 01101011016301001 1101 601011011111
601 1701601101 101 11100111 (1460), 676, 978; - ορ 1001 101 ptus Pius 11 01601
10011111 1101 (1101011110 11100110 601 1010016001601 waldemar 110111 1010 101
111001101011001111011 1111 (1461), 694, 991ς - 01601-10011 01 1111011ος1 601001
1016001110 0011100101 6001 600 1116011100601 1101110 80100110 10 vam
gepredikt (1466), 396499ς - 101101601113101 hom over 1016001110 adfingo
-6001 11100 111160111006010 te 110110111101 Domi ςφ106110(1460),411,110;-
01110111 60010101 11110101 101 101 111010110,101 6016001101161000 0011111010
(1466), 413419ς - 00111111 01 10110 0101 001 Ρ10101 60 10110011 (1466), 419, 411ς
- 1111 00160010101 00101 1001010111 601 110016110110 10 1101101111 (16611101. ,
14721, 424 ; - 1111 0016001 0101 00 1016001110 stellingua 101101 Leonis 10 110010
101 (1661 1101. 1472), 4211·427; - 1111 0016001 0101 101 0111011101 101 001 6110
10060016 10 1111101111 (1661 1101. 1472), 427426ς - 1111 0016001 0101 00101
1016001101 11100101 101 11001111 (1661 Nov. 1472), 428ς - 1111 0016001 0101
00111101 1016001110 0101111301 101 601 101101 1111001000 10 11001111 (1661 1101.
1472), 429431 ; - 1111 0016001 0101 00101 1110010110111100111, 610 0010 reliquie
gelasteni 1106 (1661 1101. 1472), 491, 492; - 0111 0016001 0101 Mattheus 1111101
0111100 016010 101600110111 ’1 6106011 1101101111 (1661 1101. 1472), 432, 461; -
1111 0016001010100101 110611011011110010160011100101111301 (1661 1101. 1472),
496, 464; - 1111 0016001 01016011011101101 1011111060111 11100111, 610 tw
1016001110 0011100101 gebouden 1106 (1661 1101. 1412), 464-466; - 0111 01111006
0111101101 600110 0101 00110160011 00111001 6001 00101 1111601110060110
1111001 1001011111 (1661 1101. 1472), 466466 ; - 0111 0016001 0101 60 1011011101
101 Marcus 001101 (1661 1101. 1472), 496, 469; -0101601 101101 1101111111 60
1101010011661 1101. 1472), ⁴³³3 - 0101 00101 100101οα1 6011111016 1110110 (1661
1101.1472),469,446; - 0101 61101016001110 01101010 (1661 1101. 14721441,
441; -010100101 101000161011018011 60 dogma's 601 110111 01601 006011
1100110101(1661 Nov. 1472), 441443.

(11101011006010101001010 101 11110011, 6106001601 inquisitum· 611111
8010101016 1010111001 1101601 (0. 13991, 251, 252.

61010010,1)100011ορ 101 110110111101 11100111, 0160100011 1011010 10111011
(1025), 153 - 0110011601 1110001100 101 1011 6011111110 001 om 1101101160 111111
bisdom 106001, 1, 2.

1111110υο 11111001101101 1101101111, 1001 601 101101 110111116101016101101
(1617), 11, 12.

1111111010 01 110110,11116011)100601, 1110611110 11001111 ujdeng (10111111.
sporighoden der 6000010010 (1349), 191.

(samso, 101101(0. 1380), 2393 -1100111000101 10 Κο1111011, 11001 1111101
0011111101011061. 1360),248;- 000016111301 101 (10011 (110010 11016111Ι
6001 ’1 1000101111 1101101 11100111 10100160011 (0. 13891, 249.

6110110100 1111101101010, 11100101, 1100111 een 1101011110 1101111010 verbim,
001601160100101101001110011101111001 101 601 11016010101 (01160 601 12400011
61, 62.

1111110 611111, 110601001οη01, 10 110111111 01011001 1010111116 (15991516), 497.

6111106100οω 101 6100160100010101011110 01 01001011001101010110

 

