VERBEURDVERKLARING - VLAANDEREN 633

Ρ61616 161116166161 16616131 1661 1161 6116136 61161161, 116161 zij 161661 1616
66111361 1611116161, 156, 159; - 6616161166166111661, 616 1161 9011116616
(1666616616 1661366111111166 6136661161 61661 161161661 66111661 166 36161661,
6661161161166 1616161631 61 op 616616 11661661 (1340), 193; - uit 1111161631
1611161 61361661460 6666616616 16611661111 61361611 (1349), 193; - 6616616·
mandor 1611616 van 11611661 16 161 1111161631 (1431), 300, 303; - 1616116 66
Mons, 6661661 Κ61161316616111666161161 61 66111361611611811161 66 116166
61666116116136, 161311161 op 61 116161 11 61361366 66166 616 16116111 66316·
161 (1436), 318 ; - 36661111 1116661161 661 1163161166161 661 11666163 van Κ61161311
over 66 1611613113611 161 11166 1616661161 (1441), 336; - 6616111611611111611
Leonardi (1166111611616661116 6161111361 (1459), 943-345; - 1616661166111661
1616611 11116611166661 116136 36166116, 616 1316 6161111361 6161666116116631
(1463), 398-409.

1116111611111111116 (6696666166 van 66 muers), in ’1 Noouion 161 161
1161111131 31611131 (c. 1330), 143; - 161 66 36666161 (1611611616616 363361·
66161 3633161 11 66 1111116616 161661 6661 161161 Κ6161 IV (1369), 313331 3 -
36661611113661611611611316 1636111366611616 (1116361116 XI (1311), 331, 333;
- 16361616ηά161 661 1163161166161 6661166113 161 Philips 161 361136161616
113661 (1411), 331, 333; - (16 161161161611161113 661 3666616166611616116111·
nus IV op 161 613611661 66161116 161 06161611 611366116161 (1413), 383, 386; -
36666161 116116116116 16 11611661 6661 1666661 161661 11631611661 (1431), 300,
301 ; - 116361316 36666161 1161 16116116 16 361361 (1430), 311ς- 6661166113
161 Philips van 3611361616 om 6616161661161611161113 161611166361 16113661
(1430), 316313ς - 116611311666111666161 66 3666161316 6166 66161613166161·
16161616161631 (1430), 318; - 36666161 16166116 11 (16 1661 (161 6166116616
1361661161(1460,1461),351-354; - 61161113 6661Ρ11111616136111361616161 161
166163 361636 op 66 36666161 161 Jacob 66 6611111161, 6616161616116116166166616,
666116 11 1316 661 16161616 (1460), 365, 366 ; - 161161161611161113 66136666161
161 6116616616 1161661161 (1460), 368, 310 ς - 66 36666161 161 (161 1616161661
161161 11616161 06116111 16 11116611 161 6616 161 661 16161 16361 6611316661
161131661661163 11161666136616361 (1460), 319, 334; - 6661166113 661366166
161116166116166166136666161 161 66 1611616 16 1136611161 161661 op 66 166116·
6113161 Philips 161 3661361616 11 1430 (1411), 315, 316; -· 1611133616 661
36666161 16166111661166161161661161 bij 1161116161 161Ρ611611611161Ρ6136
(1491), 463·415; - 161161161611161113 66136666161161 11611161 161 11366361
16 ’6 0161611636 16111616 (1513), 503.

1116116161. 3161611111 01111.
1111111161( (bij 166666), 1611131 161 661 161161 1 udas 361636 3616161 (1438), 301.

vnum. Miehiel 361136 663616 1661111113 161 Μ611661666136166136 (1513), 540.

1116161 6111111116, 1166111661, 1166116161 661 161661316111311611611111
’1161111131 31611131, 6311661116 Doornik met den 1166163661 161116 uit,
ἆῗτῧὲῗ Jacob 66 1161111161 6161161113 661 1611613 1611166111 66161 (1460),

Vmorem Β1111611, 16611111611136 16116111116111366166116(1430), 313.

11111111113166116161). 11611616 6661 31661 1161116611 11 vervolgd (1103), 14,
15 3 -Τ61616111 616661 (begin (161 13ο 66161), 36, 38, 33 ; - 1611616 (1151), 35; -
1611616 (1163), 31-39 ; - 611 1611616 1111166166161161166161 1611161611163), 40-

 

