BELLE - BLASPHEMIE 583

(1328), 178181 ; - 6666 Urbanus V beveelt 166 66616161 61 166616116616 166 het
1661611111 11661111 16 6111661166 161 Beggnnien 66 Begijnen 666 (1365), 205,
206 ; - 161161 116161 IV 1616611 166 3611611116 66 16161111116 6161116161 16 16
11611613611116116116611616116110369), 208-221 ς - die 161161 1616111161 gebmik
1111661 161166111611166116 16616166 (1369), 218221 ; - 11666 Gregorius 111 16611
66116 good (1371), 221, 222 ; - 11611661, Brabant en 661616 1161166161 1661 116
1611616 16111661 (1372), 224, 225, - 16 16661611661166 16 Β61611 163611 11611661
161661 Κ6161111 1166111111 66161616661 (1373), 225228 3 - 11) 1166166111 1116611111
611 1116Ν6161161166 (1373). 228;-61666166111111166 66666 06116616166116161116
1661166661 1661111616 16116111 161 (1666866116116611111611613661166116. 1394),
253, 254 ; - 16661116 pans 1661 1661 16 1611616161611 16606116611661,Β1611661
66 1166616166 661 6616116611 1661611611 (1394), 254256 ; - 16661116 paus 166116
66616611 nnn 16 Inquisitio 6161 (1396), 256, 257.

86111 (Β6111661) 16 het graassehap Vlnnndere‘n. Uit 116 6161 161166 66161661
300 6666616616 1661 06611111 61161611 (1349), 193.

31161111, 1161116 116611 16 11166111, 1161111 61616 16116111 vnn 16 secte der wal-

16616616116131(14591460), 346, 347, 351, 353, 355;-111)1616161611,6111161 ¹

11161611 11166111 1611661166 61 6661 Boulogne in 1161616611 16166166 (1466), 384,
385, - 6611111616116116 36166161, 465 ; - 1661 ’1 Ρ611661661 161· Parijs in
11616661 116161611 (1491), 460483.

Eumenius, scholaster 166 76616, 161161 (1050), 810, 20, 21.

811611 (11666). 1111 die 6161 161661 66361661 240 0666616616 6661 11661611 61116-
1611(1349),193;- 16 bissehonnnffingnan 166 11616611111166161111611611166
1611616 Simon 16 11611 611 16 1111166666 16 116111 (1396), 258 3 - bepmdiking vnn
1161161161, 11166 61116151661616 61 11166 166161 op 16166111,11661166161166
166611661611116111161166 (1414), 280, 281 ; - 16 11166ἰεί1661 Simon vervolgt
61 161 161161 1611 (1111611611 61 zijne vrouw (1430), 311, 314 ; ·- indier gelegen-
11611 161661116 1631611661 161 166616116611661 661 wijngeschenk, 314 ; - 116616-
diking 61 verbranding 1611 166 1661161166161 Β61116111 Ρ61661 61 wijngeschenk
661166 16661611661161 11616616 (1417), 325 ; - 16 1166611666 11661111 116611

negans ongeloovige 11661161 1661 166 1666111661 5611161111 (1461), 409; -
111361611616 1111111616 616 16116116 166 16 661616 Waldenzen 1616636666
36166661 (1511-1512), 501.

8111111166 vnn Ν11116,16666611161 81Μ611666161116 11111, 116611 6161
Sigerus 166 1116116111 1661 den 1666111661 Simon Du val 616 1611166111 166 161-
ten-fi 1686161-06611116 1111616681,166611’16611166611,611(1277), 140, 141.

8111666666. Zie 8111666611166.

1111111161 nn Μ1161111, 161161 16 Rijsel 16111611 (1429), 316,

8111111111 Pinum, 1661161166161, 16 1161661111 6616666111 66 16 Bergan
negans 16116111 66 godsnsnring 166116111661611611 666161111(1111),625;-
nter 6111661616 1161161166 16116116111661 (1447), 325.

8111661111111, 1161116 116611 16 11166111, 161116161611611616616 66616161

Wnldnnwn 1611611166 16161661 (14591460), 346347, 351, 353, 355ς-1661
’1161161611 166 Ρ611)6 16 hare 661 16161611 (1491), 460483.

811616161666966661, Maria, 16 1161119611, 161 1161119 Sacramem, 661.)
6161111116 1111161116 16 11661611 (1275), 139, 1403 - Wnttier 0161611611661111

 

