606 JACOB VAN DEN BUSSCHE - JAN GORDIELE

11666 1111661 3666666 1636666166 66611161, 16 316336163666 3666166663
666 66 16611 3661616 66 661663 6661116616 (1183), 457, 158.

11666116 Η66661611611,6166111661,1666161166116666611611666166166 1166166,
Μ616666Τ1161, 6611111116 1166166 666 werkje 16366 66 1611616(1510),138, 133ς
- 1661666 66166 16661 1166661 16166166611 11)Ι 61661161Η611666166 1111611161 16
’s (1161661636 616161161166 161161 (1512), 601503.

11666 ι1111616660166 vitry), pauselijke 163661, 61661111 16 1166666166 6666

⁸ 1161616611 16366 66 6111366666 (16316 661 13ο 66611), 62.

111661686ἑῖ 16116116 (166136166366, 666113666161111 161166 0661611 36666666
(458, ' ;

1111,116661661660161666,16166616611666616116116 Μ6136161111 Ponte
36616636 (c. 1310), 166, 151, 153.

116, 1166166166 0661611, 6616611616661 1661 den 1666161661 666 166616 611
1166111) 1666166 0661111161 6661161113 666 11611611) 1611166111 1161111 (1160), 361301.

166,11666166166 1166161111, 16116131 6666 1611611616116611 16 1161666116 1661
666 1666161661 (1130), 318

1111, 366616161616616116 36661616 (bij 1666166), 616 161161 16 31633616
16466ῑὲ1661 1661661111 66 16116166616636361663661111163 1616616666 (1118),

1611311161166 11616666, 666611 666 1161166613 666666166666161161316316666
1611616616 66616 661 Waldenzen (11531161), 316, 318, 351, 353, 333, 311, 460, 161;
-66611 Ρ6116616611616616661613666163 16166166616 (1131), 160183.

1111, 361661113166 6661, 163666 1116161163 166 Μ6116 16 316336 3636666111 vn
61166 1663 666116616 (15111512), 600.

11111, 1611631668161661, 666611 161 11666161 (161 863616661616616666161
11166 166616116163 (1180), 111 ; - 1616611 111666 6666116166 66 6116611616, dut 111
66 16116666 16116616 616611166166(16611161166161) 1666166 1636666366 (12110). ¹4⁴3
- 666161 66 36311666 166 1161161666 66 andere 61661666 66661 11166 1666136116

(Q, b12‘1263 - 666161 66 66116166616 3633611166 66661 11166 1666161636
( , .

166111,161163166 3161661, 666611 166116616 66 66 (1666616616 66 1611613111
16666 6161161161, 1166661666166161611611163(13181350), 131, 195.

1111 11116611, 6166611166661, 616611116 11661611 16611166 1616116116 6161116811.
616 666166366361661116 666611611166Ρ61116 16166166616 worden (1482), 130111

116 1116161661, 1116661661 166 ’1 Ρ611616661, 111 66 661616161611163 661 11111·
666666 16 11116611 1661 (1131), 116483.

1111 31111111, 6116166161611 166 St 116661 16 11116611, 6666116661 666 66 16111
1611613163 661 Waldenzen (1160), 353, 380.

11166666 36111111, 11666166 166111616661161. p. i., 1166116 166 David van 6611·
3666161166616616611116611, 666161 6661 666 66 11611611611613163163661111011
11116166616611661666 (1156), 338, 310.

1111 31166161, 6166111661, 6661 6666 Alexander v1 616 1666161661 iubet
koninkriJk 1116611111 6663661616 (1131), 113.

1111 0611611611, 66161661 166 11661611, 1161616161 666616 3666616166 6661661

 

