LAMBERTUS — LIBERI SPIRITUS 617

11155515515135115.115501105 van Terwaan, 151151, 110101 0001 psus 61530·
1115111115110130 (1083), 13, 11.

1111511111 15 011110, 1150111551, 1155115 151 den 5135155151 1515510151 inqui·
511511,15100105511 101051 1151005051, 1151051 bisschop 1500051111, 5511135
11511515 15 1111551 (1129) 315, 316.

11Ρ1150511111555. Ζ15Μ155155111 3515515115.

ἌΡ1511151555, 1101115 1101111 1105 1551 051 1115011015 Waldenzen 115·
tm en, 169.

Lunum 111 Moesum, wegens 1551511113 15351 het 1151113 3501511511 15 81115551
op 05 310015 Μ5111 zijne 1013 0051110010, hijzelve 11511151 1115510 01110010 51 5111
1111 op oenrad gestem (1518), 515, 510.

11111115 (11511111, prior 151 1001510551, 515 11511511511 0001 051 1151151111-
501151 bissehop 5513551510. 151511 1535105015111111155151518105155101151151·
15150115 55015 15 11115551 (0. 1410), 266, 267.

11110111505115150115)11’111150011 11115011 (0. 1380), 239.

1111111151. 11510111 151 1151111101 11535115 30051551511131001 11010511115151
51 65151 053 3511511151 51 11115 1013 351011 (1517), 512, 513.

1511511115, 151151, 15 Bergan door 5511511 bissohop 1511150111 (1396), 258.
Lao IX, psus, 11050115 11511115 5511 concilio 15355 051511515 (1049), 8.

15011, 11515, 51511 051 5150111551 AEgidius Charondelli als inquisiteur in 1151
1011111111( 1115111111 551 (1511), 505 ; -151111501 1515 15 15151 0101151 501051
05 1051111113 15115 pausen 1155115 15 11011501 van (15 bisschoppen 51 151 05 inqui·
5115115 1111151 Rome (1515), 501508, - 51511 05 115051151050115010111015051
15111511015115115515151151 5505151153 115151 (1515), 50051ος -
5151105111501111551115111010 Gosin als 110515115111111511011111111 1151111111
5155111515.

1501115115, 1511515015 secte (1220), 70.
Lu 01115101. 05151 051 15151515 110051515151515 (1191), 183186.

11111111. 051511517515115111511001151 11115 1511511) (1115), 28; - het 11505151
051 Βο351051 110101 0001 151 1, 1151153151111511511,0105110151550115115113
3511011511 (1280), 144 3 - uit 015 5150 10151160 0555515515 1551 0001111 51351511
(1349), 193 ; -151 1111501155), 115011155151111011511511,515111 51 (1119), 2981
- 0515311551155115 15111111 011511511υά55 351530 Ρ515151 opsporen (1428),
306, 307 ; - 510551 515111 111001 15501151, 015 waarschljnlljk inquisitam· 1155
(1153), 335, 336 3 - uit 05 Ηο0305011001015151501551051151103Ρ111111 15111011
301010 veel 300351551051 naar Brussel 101151 om er 1151 355515Ιῇ1511 111 510515
0155155105 1551051 Waldenzen 151 Α115511 310101315 0105115151 (1460), 376·
378 3 - 05 Ηο035501100111551105 1150111001 05 1151151 verplichtend op 151511-
1100105111111510 051 351555155151 (1469), 122; - 05 1501111511 051 Artes 115531
11510111 151 2551115151 15 1101115551 (1470), 123; - 5551 151Ρ1515105 Rivo

(1171),123; - 05 Ηο0355011001 51151105111011511511151 05 Bomal (1471), 423,
421 ; - 05 inquisiteur Jacob Sprenger 51511151(1195),189; - 05 155151551151
0111151201151 wegens 155151113 151 Maria 15150105510 (1502), 493.

1111151 85151115 (Vrije (1555155), 1511515515 55015, 11 05 Noorderlijke Neder·
15105110. 1380), 239.

 

