634 VRED. VREDERICSSOEN - WALTER

44 ; -11611666166131661 Philips van den 111666 61661 66166131 (lm-118³), 41-52;
- 1166616616 1611616 16 011611 1661661166 3166166166 6166161 361166166111 (61616
161126666161ς-16616111116611161611 66111 1661 6666 Gregorius lX per
totam Flandriam als inquisiteur 6663661611 (1233), 3033; - 16 inquisitam
11616116616613166 1161116611 11611616 16 Κ661611111, 1166661 66 611616 (12311236),
35-38 3 103101 3 - Jacob Peyt, 1661166ηά6111666661666616616116366, 66166131
(16Κ611 en 661116661166111661 op 16661 666 Ε63611616, bisschop 666 Τ616666,
66 666 16 66161136 61616166 661316666 66 616 1161161 66111661 (13261323), 181-184 3
- 16 66616 161 (1666616616 16 61 666 ’1 666166 (13431350), 130201 ; - 66366661
20 61666166 1166166 611 1066616166 6661 11661611( 61366611 en 36116366 61 6161
als 1616111116 166166 6666611160666616616, 116 611 6661 1166616616 6161611
6663616666 66166 (1343), 133; - paus 0163611661111666611166161161616166
666 6616116611 6661· 6611616 661166116 666166 16 16 6161166 (1314), 228-231ς -
(16161116 6666 1666161611161611166611661166163611ρ161616666166616116616(1316),
231, 238, - 6666 8661166166 IX 1661 over 16 8633611166 66 86311666 166116
kerkprelaten van 1166616166666661616661( 1116161166 (1334), 254-256 ; - (16 1116
1666616 1611661161 Thomas (166661661611111661166116 6611666666 (1428), 30131ος
- paus Eugenius IV 66661116 0611611661616 66 1111611136 Armen 16366 16
1166166666 66166616116616 66161 zijne 16661666163 (1431), 313-322 ; - 3161611111
6161166116366161661616616666 (161, Μ611666 16 16111366 (1511), 513, 514; -
6616661163 666 11161116610513), 516, 611.

111661666661666666116616611 Frederikszoon)‚ 16 11116611 663666 3616166·
161163 666 1611661( 3661611 66 6661· 6111 )6166 36166666 (1426), 301, 305.

11666-6611116666666, 616 66161666161611161 66613666116666166116666116
11666166 Samson in de 61616166 666 161 Concilio 666 1161616(1151),36;-16
1116611 (1112), 45 ; - 1611116611 (11821183), 48, 43; - 1616116166 (1183), 48;-
16 1166616166 (1183), 43; - 16 1161661111 (6, 1217), 63.

1161161116 (16666 666666611163 6161 16 3666161111161166161666161166161616

161161666613163.)Ζί6Ν116611111616666 6666166, 1161166161 666666661111661
66616666.

1116666666 (1 6116611). 16661616 6116611 6111166 11611611]Ι (1115), 21.

1116666666 (1611616616 secte), door paus 16666661166 ΠΙ 66666131 (1138), 593
⁴- 1661161161 0116 IV 66166131 (1210), 519, 520 ; - 6661 1611611 (6. 1240), 114(-

316616 661661316366 16366 1166661616 1116611 66 6616116166 (115314611345611
en hunno 661616161611163 (1431), 460483; -61616166666 6661166661616161

3166166166 Ν66166 (15101512), 50ος - Μ613616116 16 16111616 16 Β61361
36666366 66 36166666 (15111512), 501, - Μ6116 16 Blancq 16 86661366
36666366, 3611116131 66 66111661 (15121511), 512.

1111616, 6611611666166 666 Κ66166, 16116611 zijne 61616166 66 (116 66611666
66616661 Η661111( 6661116661613 16366 16 8633611166 66 2661616 61166661
6116636 (666116361616366 66666 16 1661166611366 16661611661 (1335), 184, 185.

1116616666 66 8166166661, 61166161, 6616116666 166 1166166666 11661611
16161661666 16661 16 66666161 (1460), 362, 363, 361.

11111611 (1161161), 1166166 van 11661611, 16131 166 16661611661 1161611 16 het
661661366 66 6611166166 666 11611616 (12311236), 36, 31, 38, 105, 101,

 

